identifier,input-smiles,inchikey,smiles,true-value,pred-value,classic,individual_full_descriptors-grover-embedding,individual_full_descriptors-rdkit-fingerprint,individual_full_descriptors-molfeat-chemgpt,individual_full_descriptors-cc-signaturizer,individual_full_descriptors-mordred,fingerprint,molmap,ersilia_embedding,manifolds,reference_embedding,umap-0,umap-1,pca-0,pca-1
entry-0000000,CC(CO)NC(=O)C1C=C2c3cccc4[nH]cc(c34)CC2N(C)C1,WVVSZNPYNCNODU-UHFFFAOYSA-N,CC(CO)NC(=O)C1C=C2c3cccc4[nH]cc(c34)CC2N(C)C1,0,0.5183152197432968,0.333590007422106,0.7091649095844539,0.7222512958532694,0.5330421842650104,0.3071681752505227,0.4,0.7795228387041437,0.7827039361000061,0.0743759498000145,0.5918164253234863,0.9609185457229614,4.500733375549316,9.014729499816896,0.1850200742483139,0.3554365336894989
entry-0000001,CCC(CO)NC(=O)C1C=C2c3cccc4c3c(cn4C)CC2N(C)C1,KPJZHOPZRAFDTN-UHFFFAOYSA-N,CCC(CO)NC(=O)C1C=C2c3cccc4c3c(cn4C)CC2N(C)C1,0,0.5293040747525267,0.2773404219974704,0.4827760025884514,0.8326078323558161,0.2842665423070875,0.3834046674658297,0.36,0.7601872768258175,0.7669985294342041,0.6648460626602173,0.6502797603607178,0.7041787505149841,4.206573963165283,8.516304016113281,0.2504148483276367,0.1051176115870475
entry-0000002,CCC(CO)NC(=O)C1C=C2c3cccc4[nH]cc(c34)CC2N(C)C1,UNBRKDKAWYKMIV-UHFFFAOYSA-N,CCC(CO)NC(=O)C1C=C2c3cccc4[nH]cc(c34)CC2N(C)C1,0,0.5096888133297264,0.2773404219974704,0.5568659560338672,0.7222512958532694,0.5330421842650104,0.3039705269457163,0.32,0.6267840413891514,0.7859587669372559,0.0673591345548629,0.6092544794082642,0.9224979877471924,4.562314987182617,8.881525993347168,0.266989141702652,0.1711479276418686
entry-0000003,COC(=O)C1=C(C)NC(C)=C(C(=O)OCCN(C)Cc2ccccc2)C1c1cccc([N+](=O)[O-])c1,UXVSDVSUISWXKD-UHFFFAOYSA-N,COC(=O)C1=C(C)N=C(C)C(C(=O)OCCN(C)Cc2ccccc2)C1c1cccc([N+](=O)[O-])c1,1,0.5944701692505494,0.8222795615597376,0.6126210060391017,0.7570684523809523,0.6611041997688863,0.4518665412007265,0.96,0.9512325194380868,0.7681261301040649,0.9227423667907716,0.656091570854187,0.9895906448364258,6.045855045318604,7.593236923217773,-0.3714076578617096,-0.066775158047676
entry-0000004,CNCCCC1c2ccccc2C=Cc2ccccc21,BWPIARFWQZKAIA-UHFFFAOYSA-N,CNCCCC1c2ccccc2C=Cc2ccccc21,0,0.3584280031500107,0.2983717649406261,0.2100048285852245,0.3506131043207945,0.3247978178303706,0.2609649101101025,0.24,0.542333918995709,0.2770309448242187,0.0139373503625392,0.2273329645395279,0.1932021230459213,4.720717430114746,9.993359565734863,-1.1747491359710691,-0.4239140152931213
entry-0000005,CN1C2CCC1CC(OC(=O)C(CO)c1ccccc1)C2,RKUNBYITZUJHSG-UHFFFAOYSA-N,CN1C2CCC1CC(OC(=O)C(CO)c1ccccc1)C2,0,0.3357911933734907,0.1604345833263716,0.1926792309508871,0.3506131043207945,0.5699913181422591,0.2125331843335425,0.04,0.0,0.2487675100564956,0.0003930385282728,0.1586592048406601,0.0567667260766029,4.690829277038574,8.042122840881348,0.3307165503501892,-0.0595576018095016
entry-0000006,O=c1[nH]cc(N(CCCl)CCCl)c(=O)[nH]1,IDPUKCWIGUEADI-UHFFFAOYSA-N,O=c1[nH]cc(N(CCCl)CCCl)c(=O)[nH]1,1,0.5910749343765004,0.5168015047221208,0.5624089672380372,0.4778944820389489,0.7663771102086321,0.5666415305032095,0.8,0.4643991957459039,0.8458019495010376,0.319370687007904,0.9027891755104064,0.8151020407676697,1.857800841331482,7.42310905456543,0.4594841003417969,-0.2108068764209747
entry-0000007,O=c1[nH]cc(F)c(=O)[nH]1,GHASVSINZRGABV-UHFFFAOYSA-N,O=c1[nH]cc(F)c(=O)[nH]1,1,0.6325582843326036,0.4852266732935184,0.8480852141580761,0.5616193944314306,0.1074684343434343,0.7686475252515012,0.84,0.8291276401314711,0.8149818778038025,0.9942975044250488,0.9373111128807068,0.9998942613601683,2.093741178512573,7.759475231170654,0.1071795374155044,0.550316333770752
entry-0000008,O=C(O)Cc1csc(-c2ccc(Cl)cc2)n1,APBSKHYXXKHJFK-UHFFFAOYSA-N,O=C(O)Cc1csc(-c2ccc(Cl)cc2)n1,1,0.6328638197005678,0.9040393109853654,0.7402513840855625,0.6186658532796157,0.2820597254053136,0.6047780812159684,0.96,0.8550050924790495,0.8834092617034912,0.9976990818977356,0.8612744212150574,0.9976997971534728,5.823751449584961,6.6538519859313965,-0.8884071707725525,-0.2087979316711425
entry-0000009,OC(CCN1CCCCC1)(c1ccccc1)C1CCCCC1,HWHLPVGTWGOCJO-UHFFFAOYSA-N,OC(CCN1CCCCC1)(c1ccccc1)C1CCCCC1,0,0.3142470633171879,0.2390397546603912,0.2186694109836204,0.1898988186065088,0.2242941576397458,0.1357501889525058,0.0,0.0,0.1348110735416412,0.0001433768484275,0.1439764946699142,0.0016918274341151,6.948831558227539,6.202509880065918,0.5525169968605042,-1.8285397291183472
entry-0000010,CN1CCC(=C2c3ccccc3C=Cc3ccccc32)CC1,JJCFRYNCJDLXIK-UHFFFAOYSA-N,CN1CCC(=C2c3ccccc3C=Cc3ccccc32)CC1,1,0.4490167240429391,0.3893093987354028,0.4896783399222633,0.3506131043207945,0.5220117785003154,0.3879239330427324,0.68,0.5281002622033231,0.2885465323925018,0.0371733047068119,0.4601060152053833,0.2718479037284851,6.068710803985596,9.940367698669434,-0.9892008304595948,-0.5574681162834167
entry-0000011,CS(=O)(=O)CCNCc1ccc(-c2ccc3ncnc(Nc4ccc(OCc5cccc(F)c5)c(Cl)c4)c3c2)o1,BCFGMOOMADDAQU-UHFFFAOYSA-N,CS(=O)(=O)CCNCc1ccc(-c2ccc3ncnc(Nc4ccc(OCc5cccc(F)c5)c(Cl)c4)c3c2)o1,1,0.6501587860631045,0.7309752137336506,0.8136343039650058,0.7929397122007775,0.5943068084135301,0.7693020976808853,1.0,1.0,0.9639102816581726,0.4620583951473236,0.7781103849411011,0.998834788799286,4.410800933837891,10.102291107177734,-1.01510751247406,0.1468710750341415
entry-0000012,COC1(NC(=O)Cc2cccs2)C(=O)N2C(C(=O)O)=C(COC(N)=O)CSC21,WZOZEZRFJCJXNZ-UHFFFAOYSA-N,COC1(NC(=O)Cc2cccs2)C(=O)N2C(C(=O)O)=C(COC(N)=O)CSC21,1,0.6231122495448257,0.6087454569189418,0.4510272601560762,0.9396609042553192,0.9297722567287784,0.7899580872371964,0.92,1.0,0.8381839990615845,0.999763011932373,0.8420348167419434,0.0880109667778015,2.489959239959717,5.844176292419434,0.467727929353714,-0.259645938873291
entry-0000013,CC(=O)OCC1=C(C(=O)O)N2C(=O)C(NC(=O)Cc3cccs3)C2SC1,XIURVHNZVLADCM-UHFFFAOYSA-N,CC(=O)OCC1=C(C(=O)O)N2C(=O)C(NC(=O)Cc3cccs3)C2SC1,1,0.6400209268319617,0.6087454569189418,0.6036654063236341,0.7279331140350876,0.6665942028985508,0.8519448764469099,0.84,1.0,0.8011163473129272,0.9989265203475952,0.7750290036201477,0.6231895089149475,2.979042291641236,5.117739200592041,0.4779368937015533,-0.4057852625846863
entry-0000014,COc1ccc(CCN2CCC(Nc3nc4ccccc4n3Cc3ccc(F)cc3)CC2)cc1,GXDALQBWZGODGZ-UHFFFAOYSA-N,COc1ccc(CCN2CCC(Nc3nc4ccccc4n3Cc3ccc(F)cc3)CC2)cc1,0,0.4558690768697885,0.5323053874552593,0.7080808414499036,0.7363023079098043,0.8396598404094655,0.1326548424993969,0.4,0.6750998022775974,0.8706824779510498,0.0239804834127426,0.3973225653171539,0.2011820822954177,4.454136371612549,6.260390281677246,-0.8551666736602783,-0.3602773547172546
entry-0000015,CCOC(=O)C1(c2ccccc2)CCN(CCc2ccc(N)cc2)CC1,LKYQLAWMNBFNJT-UHFFFAOYSA-N,CCOC(=O)C1(c2ccccc2)CCN(CCc2ccc(N)cc2)CC1,0,0.3759692608004574,0.1715900329255094,0.2630059962478534,0.3506131043207945,0.5312381315402416,0.3627658234881458,0.04,0.0,0.5063958168029785,0.0017679174197837,0.3277305960655212,0.0553451590240001,5.788616180419922,8.224503517150879,-0.6080077886581421,-0.7232487797737122
entry-0000016,Cc1ccc(C(=CCN2CCCC2)c2ccccn2)cc1,CBEQULMOCCWAQT-UHFFFAOYSA-N,Cc1ccc(C(=CCN2CCCC2)c2ccccn2)cc1,0,0.3704536424086828,0.2300239186250663,0.5066999947466577,0.6825831756982308,0.5220117785003154,0.1325009546789976,0.12,0.3051340481758518,0.5937230587005615,4.183746568742208e-05,0.1723528802394867,0.0275382716208696,4.281550884246826,10.083481788635254,-0.7321973443031311,-0.6821795701980591
entry-0000017,CCC1(c2ccccc2)C(=O)NC(=O)NC1=O.CCCCOCC(CN1C(=O)N(CC(COCCCC)OC(N)=O)C(=O)C(CC)(c2ccccc2)C1=O)OC(N)=O.CCCCOCC(CN1C(=O)NC(=O)C(CC)(c2ccccc2)C1=O)OC(N)=O,GJJRIOLBUILIGK-UHFFFAOYSA-N,CCCCOCC(CN1C(=O)N(CC(COCCCC)OC(N)=O)C(=O)C(CC)(c2ccccc2)C1=O)OC(N)=O,1,0.4975475316532822,0.5768074403329971,0.3916953316953316,0.903765841013825,0.624645866435553,0.5148493128152571,0.52,0.5104252529525243,0.5029034614562988,0.8817245960235596,0.3484675586223602,0.299521803855896,4.630458831787109,8.955284118652344,0.5765030384063721,-0.7038747072219849
entry-0000018,CN1CCN(CCC=C2c3ccccc3Sc3ccc(S(=O)(=O)N(C)C)cc32)CC1,GFBKORZTTCHDGY-UHFFFAOYSA-N,CN1CCN(CCC=C2c3ccccc3Sc3ccc(S(=O)(=O)N(C)C)cc32)CC1,1,0.5722187735608115,0.848910669980863,0.6771774606222052,0.8659699675324675,0.8991470198966451,0.4323026893327925,0.64,0.541872172548894,0.7159786820411682,0.9985197186470032,0.5034610033035278,0.979170858860016,5.011380195617676,10.37496280670166,-0.496194452047348,-0.4794898629188537
entry-0000019,OCCN1CCN(CCC=C2c3ccccc3Sc3ccc(C(F)(F)F)cc32)CC1,NJMYODHXAKYRHW-UHFFFAOYSA-N,OCCN1CCN(CCC=C2c3ccccc3Sc3ccc(C(F)(F)F)cc32)CC1,0,0.455392166224778,0.6045124359781833,0.5100627931139164,0.6916961086113057,0.4199897255319708,0.239881395379431,0.68,0.0,0.6252477169036865,0.6726396083831787,0.3849506378173828,0.3530018329620361,5.04004430770874,10.433309555053713,-0.2469073981046676,-0.1817769259214401
entry-0000020,NS(=O)(=O)c1cc2c(cc1Cl)NCNS2(=O)=O,JZUFKLXOESDKRF-UHFFFAOYSA-N,NS(=O)(=O)c1cc2c(cc1Cl)NCNS2(=O)=O,1,0.621045178398668,0.7556352417174415,0.7263054774682681,0.75,0.7768310802581903,0.4940372851330128,0.8,1.0,0.8964013457298279,0.9999145865440368,0.9044325351715088,0.9998524785041808,4.560976505279541,4.437156677246094,-0.4370704591274261,0.085202045738697
entry-0000021,CC(C)(N)CO.Cn1c(=O)c2[nH]c(Br)nc2n(C)c1=O,SKTFQHRVFFOHTQ-UHFFFAOYSA-N,Cn1c(=O)c2[nH]c(Br)nc2n(C)c1=O,0,0.6448053532931216,0.795108988361074,0.9188169214751494,0.8250775709219857,0.5807246376811595,0.591568892216639,0.6,1.0,0.8975076079368591,0.9999711513519288,0.9168551564216614,0.9911102056503296,2.397552728652954,7.218838214874268,0.213744580745697,0.3908747136592865
entry-0000022,O=C(CCCN1CC=C(n2c(=O)[nH]c3ccccc32)CC1)c1ccc(F)cc1,RMEDXOLNCUSCGS-UHFFFAOYSA-N,O=C(CCCN1CC=C(n2c(=O)[nH]c3ccccc32)CC1)c1ccc(F)cc1,0,0.5067322337436553,0.3334403019186355,0.6716548058559568,0.7669956140350876,0.846536731634183,0.4731296260613862,0.64,0.4640851417296372,0.9106024503707886,0.0562327653169631,0.4119603633880615,0.6021333932876587,4.472817420959473,6.213209629058838,-0.4356104731559753,-0.597209632396698
entry-0000023,Cc1ncc2n1-c1ccc(Cl)cc1C(c1ccccc1F)=NC2,DDLIGBOFAVUZHB-UHFFFAOYSA-N,Cc1ncc2n1-c1ccc(Cl)cc1C(c1ccccc1F)=NC2,0,0.5874907903143138,0.7316299102283678,0.7402513840855625,0.9339790860735008,0.4923243829924864,0.4103780656451473,0.84,1.0,0.9092153310775756,0.5006290674209595,0.958864688873291,0.988482654094696,3.786553144454956,6.884007930755615,-1.2209736108779907,0.2169853448867797
entry-0000024,NCC1OC(OC2C(CO)OC(OC3C(O)C(N)CC(N)C3OC3OC(CO)C(O)C(O)C3N)C2O)C(N)C(O)C1O,UOZODPSAJZTQNH-UHFFFAOYSA-N,NCC1OC(OC2C(CO)OC(OC3C(O)C(N)CC(N)C3OC3OC(CO)C(O)C(O)C3N)C2O)C(N)C(O)C1O,0,0.3977450220093994,0.3013130837810548,0.2606102654336458,0.3214777659749299,0.7501644135915236,0.5293135429328494,0.16,0.0,0.360294908285141,0.0061499248258769,0.0985858887434005,0.0673621073365211,2.5659656524658203,9.838726997375488,1.991084337234497,2.657961130142212
entry-0000025,NCC1OC(OC2C(CO)OC(OC3C(O)C(N)CC(N)C3OC3OC(CN)C(O)C(O)C3N)C2O)C(N)C(O)C1O,PGBHMTALBVVCIT-UHFFFAOYSA-N,NCC1OC(OC2C(CO)OC(OC3C(O)C(N)CC(N)C3OC3OC(CN)C(O)C(O)C3N)C2O)C(N)C(O)C1O,0,0.3683795939427406,0.3013130837810548,0.2606102654336458,0.3214777659749299,0.7501644135915236,0.4096992326311777,0.2,0.0,0.3519980013370514,0.0002779448404908,0.0838674157857894,0.0356876142323017,2.718724250793457,9.75810718536377,1.9278780221939087,2.4564480781555176
entry-0000026,CN1CCN(C2=c3ccccc3=Nc3ccc(Cl)cc3N2)CC1,QZUDBNBUXVUHMW-UHFFFAOYSA-N,CN1CCN(C2=Nc3cc(Cl)ccc3Nc3ccccc32)CC1,1,0.5044130082836585,0.2518302179158377,0.6528920596273935,0.360278489415433,0.6111491652363863,0.4114071708195836,0.32,0.7131703741465204,0.7499200105667114,0.0382670424878597,0.5520604252815247,0.7514873147010803,4.9098663330078125,10.390948295593262,-0.8438200354576111,-0.2835548818111419
entry-0000027,CCn1cc(C(=O)O)c(=O)c2ccc(C)nc21,MHWLWQUZZRMNGJ-UHFFFAOYSA-N,CCn1cc(C(=O)O)c(=O)c2ccc(C)nc21,1,0.6713174412145057,0.8456892103817438,0.8239176468972754,0.903765841013825,0.9165854435419654,0.7144430423029069,0.84,1.0,0.9154649972915648,0.9876357316970824,0.9303663372993468,0.994727611541748,5.96256685256958,4.106927871704102,-0.2777926325798034,-0.2627060413360595
entry-0000028,CC(O)(CS(=O)(=O)c1ccc(F)cc1)C(=O)Nc1ccc(C#N)c(C(F)(F)F)c1,LKJPYSCBVHEWIU-UHFFFAOYSA-N,CC(O)(CS(=O)(=O)c1ccc(F)cc1)C(=O)Nc1ccc(C#N)c(C(F)(F)F)c1,1,0.6408563518457843,0.8990747547432537,0.8635206673416859,0.3506131043207945,0.6611041997688863,0.6781646030783655,0.72,1.0,0.9022930860519408,0.9813885688781738,0.9147170186042786,0.700298011302948,4.750189304351807,7.6294331550598145,-0.6521271467208862,0.4076927304267883
entry-0000029,c1ccc2c(c1)Nc1ccccc1S2,WJFKNYWRSNBZNX-UHFFFAOYSA-N,c1ccc2c(c1)Nc1ccccc1S2,1,0.5650129469648459,0.8642914294672976,0.5622000086222833,0.5084004872805816,0.5699913181422591,0.4613465855190316,0.84,0.6410430378222682,0.8071445226669312,0.0014244993217289,0.9507263898849488,0.9268229007720948,4.87677526473999,5.87387228012085,-2.047529458999634,0.3236741423606872
entry-0000030,NC1CC1c1ccccc1,AELCINSCMGFISI-UHFFFAOYSA-N,NC1CC1c1ccccc1,0,0.3522294642573085,0.2061631204671558,0.1586900523970258,0.1898988186065088,0.3672419300906593,0.4537381771767499,0.12,0.3632285689257059,0.1816697716712951,0.0023620775900781,0.0411027781665325,0.0071729687042534,4.633561134338379,10.05509090423584,-1.158245325088501,-0.0098804421722888
entry-0000031,C[N+]1(C)C2CCC1CC(OC(=O)C(O)c1ccccc1)C2.[Br-],WKWOJBUWWZTUQV-UHFFFAOYSA-N,C[N+]1(C)C2CCC1CC(OC(=O)C(O)c1ccccc1)C2,0,0.3254412563161195,0.1604345833263716,0.240640494998759,0.3214777659749299,0.2539917815463932,0.2157393501531385,0.12,0.0,0.2222959697246551,0.0006926242494955,0.1576262563467025,0.0102599458768963,4.667446136474609,9.173015594482422,0.2426221966743469,0.1009511202573776
entry-0000032,CN(C)Cc1ccc(CSCCNC(=C[N+](=O)[O-])NCc2ccc3c(c2)OCO3)o1,LHOFXYDWNYKUPN-UHFFFAOYSA-N,CN(C)Cc1ccc(CSCCN=C(C[N+](=O)[O-])NCc2ccc3c(c2)OCO3)o1,1,0.5683786374775974,0.8308509901311661,0.7432671900964792,0.2800350110986694,0.894645866435553,0.4539323148522701,0.84,0.8771517259343256,0.7885255813598633,0.7105174660682678,0.5359166264533997,0.9498823285102844,5.424435138702393,8.591504096984863,-0.1721425503492355,-0.2879077792167663
entry-0000033,OCCN(CCO)c1nc(N2CCCCC2)c2nc(N(CCO)CCO)nc(N3CCCCC3)c2n1,IZEKFCXSFNUWAM-UHFFFAOYSA-N,OCCN(CCO)c1nc(N2CCCCC2)c2nc(N(CCO)CCO)nc(N3CCCCC3)c2n1,1,0.6014239940223214,0.8950347853418387,0.4319643339896656,0.678356378867444,0.7593926566128701,0.7546281238754606,0.48,0.003125743642306,0.7667204737663269,0.9998422265052797,0.6311405301094055,0.2331566512584686,2.334909200668335,7.153611183166504,1.255436658859253,-0.335653692483902
entry-0000034,CCC1OC(=O)C(C)C(=O)C(C)C(OC2OC(C)CC(N(C)C)C2O)C(C)(OC)CC(C)C(=O)C(C)C2N(CCCCn3cnc(-c4cccnc4)c3)C(=O)OC12C,LJVAJPDWBABPEJ-UHFFFAOYSA-N,CCC1OC(=O)C(C)C(=O)C(C)C(OC2OC(C)CC(N(C)C)C2O)C(C)(OC)CC(C)C(=O)C(C)C2N(CCCCn3cnc(-c4cccnc4)c3)C(=O)OC12C,1,0.6217238300164493,0.8024037851622221,0.5346234607270766,0.6875104192714845,0.7025017914142402,0.6802319732452992,0.8,1.0,0.8999902009963989,0.999896228313446,0.5204389691352844,0.9704121351242064,6.762202262878418,7.668059825897217,0.8632321953773499,0.1500241458415985
entry-0000035,CC1(C)SC2C(NC(=O)C(NC(=O)N3CCN(S(C)(=O)=O)C3=O)c3ccccc3)C(=O)N2C1C(=O)O,YPBATNHYBCGSSN-UHFFFAOYSA-N,CC1(C)SC2C(NC(=O)C(NC(=O)N3CCN(S(C)(=O)=O)C3=O)c3ccccc3)C(=O)N2C1C(=O)O,1,0.6379240964064578,0.6087454569189418,0.726880730325475,0.7934093045112782,0.8163125331022197,0.6145765364111246,0.8,0.3963973717385594,0.8502234220504761,0.9999995827674866,0.8689762353897095,0.9829195141792296,2.514225959777832,5.713496208190918,0.1706926822662353,-0.1356412321329116
entry-0000036,CC12C=CC(=O)C=C1CCC1C2C(=O)CC2(C)C1CCC2(O)C(=O)CO,XOFYZVNMUHMLCC-UHFFFAOYSA-N,CC12C=CC(=O)C=C1CCC1C2C(=O)CC2(C)C1CCC2(O)C(=O)CO,0,0.4048931179396584,0.2521381503483679,0.3358755569769337,0.3441502720948809,0.3700084433540316,0.3623134985308126,0.4,0.8955683375256476,0.322125494480133,0.3800314366817474,0.2511434853076935,0.4611304998397827,7.803014278411865,7.083077907562256,1.4032000303268433,-0.3848099410533905
entry-0000037,CCCNCC(O)COc1ccccc1C(=O)CCc1ccccc1,JWHAUXFOSRPERK-UHFFFAOYSA-N,CCCNCC(O)COc1ccccc1C(=O)CCc1ccccc1,0,0.340245616463688,0.1360417888800191,0.3388549735409157,0.4897217607973422,0.0941598487732839,0.1532653939669385,0.08,0.0,0.4184176921844482,0.0139035154134035,0.2548119723796844,0.0160169694572687,4.540244102478027,6.423989295959473,-0.5195958018302917,-0.189652994275093
entry-0000038,OC(CCN1CCCCC1)(c1ccccc1)C1CC2C=CC1C2,YSXKPIUOCJLQIE-UHFFFAOYSA-N,OC(CCN1CCCCC1)(c1ccccc1)C1CC2C=CC1C2,0,0.3120195660370156,0.1632048752540832,0.2186694109836204,0.1898988186065088,0.2101765105809223,0.0727105450311669,0.0,0.0,0.19998599588871,0.0002172343374695,0.147142231464386,0.0011098117101937,8.237576484680176,7.275253295898437,0.4548121690750122,-1.1423455476760864
entry-0000039,CN1C(=O)CCS(=O)(=O)C1c1ccc(Cl)cc1,WEQAYVWKMWHEJO-UHFFFAOYSA-N,CN1C(=O)CCS(=O)(=O)C1c1ccc(Cl)cc1,1,0.5586483963257528,0.5137764792032217,0.7579672048265838,0.6500030783844638,0.479708850931677,0.5297875188655994,0.8,0.5834996047810308,0.7062464356422424,0.0008125593885779,0.6991931796073914,0.5387150049209595,4.73909330368042,8.605486869812012,-0.3918122053146362,-0.2640115022659302
entry-0000040,COC(=O)C1=C(C)NC(C)=C(C(=O)OC)C1c1ccccc1[N+](=O)[O-],OSUCQKNXQBPLDG-UHFFFAOYSA-N,COC(=O)C1=C(C)N=C(C)C(C(=O)OC)C1c1ccccc1[N+](=O)[O-],1,0.5547081624452724,0.7374031024095705,0.5985739750445632,0.7570684523809523,0.8146458664355531,0.4444096464459922,0.64,0.9907349200232292,0.7508727312088013,0.1388032585382461,0.5415252447128296,0.9735409021377563,6.400269985198975,7.260211944580078,-0.0356132164597511,0.0899266973137855
entry-0000041,COCCOC(=O)C1=C(C)NC(C)=C(C(=O)OC(C)C)C1c1cccc([N+](=O)[O-])c1,SVMHYHIZWOJKDL-UHFFFAOYSA-N,COCCOC(=O)C1=C(C)N=C(C)C(C(=O)OC(C)C)C1c1cccc([N+](=O)[O-])c1,1,0.5502246124320541,0.6282360117615686,0.6865541064085959,0.8382896505376344,0.6705982473879339,0.4663392383803472,0.8,0.9340047686109364,0.6837424635887146,0.0489790700376033,0.5211590528488159,0.9897536635398864,6.616790294647217,7.527370452880859,0.2420356422662735,0.0076813786290585
entry-0000042,CC(=O)OC1CC2CCC3C(CCC4(C)C3CC([N+]3(C)CCCCC3)C4OC(C)=O)C2(C)CC1[N+]1(C)CCCCC1.[Br-].[Br-],GVEAYVLWDAFXET-UHFFFAOYSA-N,CC(=O)OC1CC2CCC3C(CCC4(C)C3CC([N+]3(C)CCCCC3)C4OC(C)=O)C2(C)CC1[N+]1(C)CCCCC1,0,0.342901379339853,0.3638797952624799,0.2186694109836204,0.2378440240859609,0.578723247387934,0.0903893716419471,0.24,0.0,0.3541564345359802,0.0029357124585658,0.1765789985656738,0.0334794335067272,8.17768669128418,7.1606764793396,1.4738487005233765,-1.4364738464355469
entry-0000043,COc1ccc(CC(N)C(=O)NC2C(CO)OC(n3cnc4c(N(C)C)ncnc43)C2O)cc1,RXWNCPJZOCPEPQ-UHFFFAOYSA-N,COc1ccc(CC(N)C(=O)NC2C(CO)OC(n3cnc4c(N(C)C)ncnc43)C2O)cc1,1,0.6602250162387416,0.8222795615597376,0.7170849527234522,0.723706317204301,0.7327259899462034,0.7586272491132213,0.92,1.0,0.917936384677887,0.9070212244987488,0.7949231863021851,0.9831666946411132,3.594644546508789,8.780233383178711,0.270047128200531,1.0214080810546875
entry-0000044,Clc1cccc(Cl)c1NC1=NCCN1,GJSURZIOUXUGAL-UHFFFAOYSA-N,Clc1cccc(Cl)c1NC1=NCCN1,1,0.5264477723344506,0.2344265437469034,0.2411042157576647,0.3441502720948809,0.5687613447235658,0.5441712046919857,0.64,0.3151818910047329,0.6885369420051575,0.9156550168991088,0.7130820155143738,0.0030415402725338,4.3771820068359375,5.724386215209961,-0.5565841794013977,-0.1589794605970382
entry-0000045,CCOC(=O)Nc1ccc2c(c1)N(C(=O)CCN1CCOCC1)c1ccccc1S2,FUBVWMNBEHXPSU-UHFFFAOYSA-N,CCOC(=O)Nc1ccc2c(c1)N(C(=O)CCN1CCOCC1)c1ccccc1S2,1,0.5903657076796344,0.8547233082891985,0.796528369507998,0.4246755748880999,0.8906418219461699,0.3905694988194087,0.96,1.0,0.8645263314247131,0.9957343339920044,0.6966229677200317,0.9412469863891602,4.557648658752441,10.143754005432127,-0.3071447908878326,-0.3995407223701477
entry-0000046,CNCCC(Oc1ccc(C(F)(F)F)cc1)c1ccccc1,RTHCYVBBDHJXIQ-UHFFFAOYSA-N,CNCCC(Oc1ccc(C(F)(F)F)cc1)c1ccccc1,0,0.43494880434049,0.2356909425838427,0.2909772475517346,0.3315880117662902,0.5137997078949214,0.2401758686613409,0.76,0.5131778799337994,0.3599398732185364,0.0016153982141986,0.5942169427871704,0.0093669276684522,5.551111698150635,8.542366981506348,-1.1435893774032593,0.1784359365701675
entry-0000047,CN(CCOc1ccc(CC2SC(=O)NC2=O)cc1)c1ccccn1,FLDPBMANMDLQTH-UHFFFAOYSA-N,CN(CCOc1ccc(Cc2sc(=O)[nH]c2O)cc1)c1ccccn1,1,0.6618226859845566,0.8930506583577117,0.8458048466006648,0.7862100352713619,0.8979791997688864,0.6659610694951049,0.84,0.9472674776188974,0.9406728744506836,0.9899892807006836,0.7575745582580566,0.9422902464866638,3.972526788711548,9.890521049499512,-0.7550570964813232,0.1004253849387168
entry-0000048,CC(Cc1ccccc1)N(C)Cc1ccccc1,YXKTVDFXDRQTKV-UHFFFAOYSA-N,CC(Cc1ccccc1)N(C)Cc1ccccc1,0,0.3217222778034034,0.0726877516129383,0.1023353725940701,0.3832127720948809,0.25318272005772,0.1408669895664922,0.16,0.1311944121627447,0.2249204665422439,4.250530309946043e-06,0.0916988849639892,0.0794158354401588,4.850943088531494,10.153514862060549,-1.686984300613403,-0.1650390177965164
entry-0000049,O=c1n(CCCN2CCN(c3cccc(Cl)c3)CC2)nc2ccccn12,PHLBKPHSAVXXEF-UHFFFAOYSA-N,O=c1n(CCCN2CCN(c3cccc(Cl)c3)CC2)nc2ccccn12,1,0.4871731133131822,0.8547233082891985,0.6354071550401825,0.6616114149008886,0.770941891691517,0.1821756707612274,0.52,0.4779336117555545,0.9122462868690492,0.7408235669136047,0.3956383466720581,0.3089993000030517,5.6590094566345215,10.325356483459473,-0.3790275156497955,-0.5986902117729187
entry-0000050,Cc1c(C)c2c(c(C)c1O)CCC(C)(CCCC(C)CCCC(C)CCCC(C)C)O2,GVJHHUAWPYXKBD-UHFFFAOYSA-N,Cc1c(C)c2c(c(C)c1O)CCC(C)(CCCC(C)CCCC(C)CCCC(C)C)O2,0,0.3766839177820713,0.1887721487472038,0.2186694109836204,0.2736237309989905,0.0882774958321074,0.4304701833061756,0.48,0.1363353287898192,0.2803860902786255,0.1688534468412399,0.0996034890413284,0.5094667673110962,7.267776489257812,8.686439514160156,0.8831899762153625,-1.6268608570098877
entry-0000051,CCc1c(C)[nH]c2c1C(=O)C(CN1CCOCC1)CC2,KLPWJLBORRMFGK-UHFFFAOYSA-N,CCc1c(C)[nH]c2c1C(=O)C(CN1CCOCC1)CC2,0,0.39708081272538,0.1604345833263716,0.3599339253738912,0.5927217551139259,0.5218140886890887,0.3311973968666566,0.4,0.5616706126877306,0.6613396406173706,0.0368545241653919,0.2184608876705169,0.3413738012313843,3.89345932006836,6.739339351654053,0.8603743314743042,-1.1571142673492432
entry-0000052,CC(C(=O)O)c1ccc(-c2ccccc2)c(F)c1,SYTBZMRGLBWNTM-UHFFFAOYSA-N,CC(C(=O)O)c1ccc(-c2ccccc2)c(F)c1,1,0.651143094179056,0.8879178030936712,0.6806915640606263,0.5048645578091666,0.6489315807212673,0.8120707846182994,0.88,0.9264212683208126,0.6418043971061707,0.9999998211860656,0.9532150030136108,0.9764175415039062,5.626297473907471,6.659625053405762,-1.5772089958190918,0.0081610661000013
entry-0000053,O=C(O)c1cc(-c2ccc(F)cc2F)ccc1O,HUPFGZXOMWLGNK-UHFFFAOYSA-N,O=C(O)c1cc(-c2ccc(F)cc2F)ccc1O,1,0.5847930608828235,0.9040393109853654,0.6777023514383862,0.5084004872805816,0.2365533579010729,0.7935089253116548,0.8,0.5332354623395344,0.7577935457229614,0.9994495511054992,0.4184646904468536,0.9020522832870485,5.746452808380127,4.337457656860352,-1.4839487075805664,0.2354692220687866
entry-0000054,CC(C(=O)O)c1ccc(N2CC=CC2)c(Cl)c1,PIDSZXPFGCURGN-UHFFFAOYSA-N,CC(C(=O)O)c1ccc(N2CC=CC2)c(Cl)c1,1,0.5577525566429027,0.4574509071796883,0.7176132379180047,0.4648839921017442,0.2975751278772379,0.7586840045661335,0.68,0.6652464387644517,0.7370566129684448,0.943596124649048,0.3638924658298492,0.9433320760726928,5.406869411468506,6.977805614471436,-0.2951270043849945,-0.4752225577831268
entry-0000055,CC1CN(CC(Cc2ccccc2)C(=O)NCC(=O)O)CCC1(C)c1cccc(O)c1,UPNUIXSCZBYVBB-UHFFFAOYSA-N,CC1CN(CC(Cc2ccccc2)C(=O)NCC(=O)O)CCC1(C)c1cccc(O)c1,0,0.38935120039158,0.3774758959542295,0.330937030730612,0.3767303694086479,0.6163755175983436,0.3149895014316549,0.24,0.2161314019724923,0.4530981481075287,0.4587925374507904,0.2307582050561905,0.0640155598521232,5.571699142456055,8.270669937133789,-0.3969502747058868,-0.6149311065673828
entry-0000056,Cc1ccc(Nc2nccc(N(C)c3ccc4c(C)n(C)nc4c3)n2)cc1S(N)(=O)=O,CUIHSIWYWATEQL-UHFFFAOYSA-N,Cc1ccc(Nc2nccc(N(C)c3ccc4c(C)n(C)nc4c3)n2)cc1S(N)(=O)=O,1,0.6728297993493162,0.8950347853418387,0.9188169214751494,0.8368346291866029,0.7593926566128701,0.7218010359987186,0.84,1.0,0.961951732635498,0.99282568693161,0.972909927368164,0.9999754428863524,4.164265155792236,5.24530029296875,-0.9236583113670348,0.2743830680847168
entry-0000057,CC1C(c2ccccc2)OCCN1C,MFOCDFTXLCYLKU-UHFFFAOYSA-N,CC1C(c2ccccc2)OCCN1C,0,0.3200294211263562,0.2102305016937185,0.1023353725940701,0.1898988186065088,0.25318272005772,0.3186088407389958,0.04,0.1289189959559173,0.1504509001970291,4.403697317911792e-08,0.0681683495640754,0.0127347121015191,4.815591335296631,10.22060775756836,-0.6261472702026367,0.1895654052495956
entry-0000058,CC(C)NCC(O)COc1cccc2[nH]ccc12,JZQKKSLKJUAGIC-UHFFFAOYSA-N,CC(C)NCC(O)COc1cccc2[nH]ccc12,0,0.4728337495239796,0.4366087687327132,0.3710851282471306,0.418622222861828,0.1970333139083139,0.1815818691452186,0.12,0.0,0.6927711367607117,0.000834715552628,0.6471166014671326,0.9231847524642944,3.376161575317383,7.587353229522705,-0.1384401768445968,0.8663567304611206
entry-0000059,CCOC(=O)C1(c2ccccc2)CCN(CCC(C#N)(c2ccccc2)c2ccccc2)CC1,HYPPXZBJBPSRLK-UHFFFAOYSA-N,CCOC(=O)C1(c2ccccc2)CCN(CCC(C#N)(c2ccccc2)c2ccccc2)CC1,0,0.3721557075371529,0.3502462044562266,0.3223058392563879,0.475729219463302,0.6870478213646818,0.2546494745318268,0.36,0.1347995585437058,0.3897671401500702,0.0029199256096035,0.1947616040706634,0.1295499354600906,5.567306518554688,8.402350425720215,-1.012794017791748,-0.474871426820755
entry-0000060,CN(C)C(=O)C(CCN1CCC(O)(c2ccc(Cl)cc2)CC1)(c1ccccc1)c1ccccc1,RDOIQAHITMMDAJ-UHFFFAOYSA-N,CN(C)C(=O)C(CCN1CCC(O)(c2ccc(Cl)cc2)CC1)(c1ccccc1)c1ccccc1,0,0.3715431543604456,0.3573890615990837,0.2684818681722706,0.5374446551229336,0.7025017914142402,0.2669676426756057,0.28,0.0,0.4960459470748901,0.0096559338271617,0.2414247095584869,0.0076264375820755,5.638811111450195,8.701067924499512,-0.9586941003799438,-0.233359009027481
entry-0000061,CCN(CC)CCNC(=O)c1c(C)[nH]c(C=C2C(=O)Nc3ccc(F)cc32)c1C,MAXXXDSMDPPTEE-UHFFFAOYSA-N,C=c1c(C(=O)NCCN(CC)CC)c(C)[nH]c1=Cc1c(O)[nH]c2ccc(F)cc12,1,0.6423426333600251,0.6103631860972448,0.7788125487669769,0.6825831756982308,0.6948700649675162,0.631375025829011,0.84,1.0,0.8827716112136841,0.9988144636154176,0.8043332099914551,0.9752140045166016,2.329444169998169,7.168889045715332,-0.1052230447530746,-0.1903308480978012
entry-0000062,CCC1(O)CC2CN(CCc3c([nH]c4ccccc34)C(C(=O)OC)(c3cc4c(cc3OC)N(C)C3C(O)(C(=O)OC)C(OC(C)=O)C5(CC)C=CCN6CCC43C65)C2)C1,JXLYSJRDGCGARV-UHFFFAOYSA-N,CCC1(O)CC2CN(CCc3c([nH]c4ccccc34)C(C(=O)OC)(c3cc4c(cc3OC)N(C)C3C(O)(C(=O)OC)C(OC(C)=O)C5(CC)C=CCN6CCC43C65)C2)C1,0,0.5592574446473307,0.8308509901311661,0.4342313038643313,0.8382896505376344,0.7025017914142402,0.4993038774987178,0.6,0.7236497241924121,0.8978165984153748,0.9497089385986328,0.5260440111160278,0.2495840340852737,5.871557235717773,7.795169353485107,0.4441566467285156,-0.1332242786884308
entry-0000063,CC(=O)Oc1cc2c(s1)CCN(C(C(=O)C1CC1)c1ccccc1F)C2,DTGLZDAWLRGWQN-UHFFFAOYSA-N,CC(=O)Oc1cc2c(s1)CCN(C(C(=O)C1CC1)c1ccccc1F)C2,0,0.5259351108459215,0.5535262473407154,0.7402513840855625,0.4032738095238095,0.6611041997688863,0.5037372678221591,0.88,0.7252550789391771,0.8026216626167297,0.2250479012727737,0.4037049412727356,0.9619855284690856,4.811583995819092,7.1547136306762695,-0.0945851877331733,-0.5903171896934509
entry-0000064,CCCCc1nc(Cl)c(CO)n1Cc1ccc(-c2ccccc2-c2nn[nH]n2)cc1,PSIFNNKUMBGKDQ-UHFFFAOYSA-N,CCCCc1nc(Cl)c(CO)n1Cc1ccc(-c2ccccc2-c2nn[nH]n2)cc1,1,0.6045663784957208,0.8950347853418387,0.8136343039650058,0.9396609042553192,0.7166227480519849,0.4861050218463866,0.88,1.0,0.907021164894104,0.1639481335878372,0.9408077597618104,0.9351468086242676,4.32385778427124,7.623921871185303,-0.6775921583175659,0.0480952225625515
entry-0000065,Cc1ncc(C[n+]2csc(CCO)c2C)c(N)n1,JZRWCGZRTZMZEH-UHFFFAOYSA-N,Cc1ncc(C[n+]2csc(CCO)c2C)c(N)n1,0,0.5730810252538109,0.6357621294713413,0.8254470679905183,0.6682425884472591,0.2474066020200371,0.3325375322631014,0.76,1.0,0.9006492495536804,0.9931841492652892,0.880071759223938,0.9965758323669434,2.168156862258911,8.649284362792969,0.2543293535709381,0.283495545387268
entry-0000066,CC1CC2C3CCC4=CC(=O)C=CC4(C)C3(Cl)C(O)CC2(C)C1(O)C(=O)CO,CVZOZPYAZUVIDT-UHFFFAOYSA-N,CC1CC2C3CC=C4CC(=O)C=CC4(C)C3(Cl)C(O)CC2(C)C1(O)C(=O)CO,0,0.3883818083858545,0.3084444034023866,0.28464783933493,0.4220803077455048,0.2556079431625548,0.3366444057393523,0.32,0.3470428649181832,0.3705290555953979,0.4502647817134857,0.3115058541297912,0.0284477155655622,8.041004180908203,7.441240310668945,1.4289261102676392,0.2789280712604522
entry-0000067,CC1CC2C3CCC4=CC(=O)C=CC4(C)C3(Cl)C(O)CC2(C)C1(O)C(=O)CCl,ADDZRWYKTHEDLJ-UHFFFAOYSA-N,CC1CC2C3CC=C4CC(=O)C=CC4(C)C3(Cl)C(O)CC2(C)C1(O)C(=O)CCl,0,0.3922397831895249,0.3498651595939407,0.4914961913506808,0.4220803077455048,0.2539917815463932,0.3791630988600523,0.32,0.2004636551329746,0.3575462996959686,0.0785838067531585,0.329900324344635,0.0257556959986686,7.9001898765563965,7.5081377029418945,1.309216856956482,0.0356138758361339
entry-0000068,CC1CC2C3CCC4=CC(=O)C=CC4(C)C3(F)C(O)CC2(C)C1(O)C(=O)CO,GJFCONYVAUNLKB-UHFFFAOYSA-N,CC1CC2C3CC=C4CC(=O)C=CC4(C)C3(F)C(O)CC2(C)C1(O)C(=O)CO,0,0.3667730686431255,0.3084444034023866,0.3575867285166125,0.3441502720948809,0.2539917815463932,0.2249363679373739,0.08,0.294058689948744,0.3470335006713867,0.0809068903326988,0.3246423304080963,0.0441026911139488,7.935130596160889,7.432662487030029,1.4381167888641355,0.2974491417407989
entry-0000069,Nc1nc(NC2CC2)c2ncn(C3C=CC(CO)C3)c2n1,MCGSCOLBFJQGHM-UHFFFAOYSA-N,Nc1nc(NC2CC2)c2ncn(C3C=CC(CO)C3)c2n1,1,0.6681738355155614,0.7929446701210242,0.7176405809097045,0.723706317204301,0.8858136865633119,0.886655503033187,0.88,1.0,0.8566985130310059,0.9985339045524596,0.8961173295974731,0.978631556034088,2.497751235961914,8.238381385803223,0.8317227959632874,0.1772513389587402
entry-0000070,CCC1(c2ccccc2)C(=O)NCNC1=O,DQMZLTXERSFNPB-UHFFFAOYSA-N,CCC1(c2ccccc2)C(=O)NCNC1=O,0,0.481115092878305,0.421444587492448,0.4651351057698649,0.3333050447333232,0.4218140886890887,0.3156324747292675,0.36,0.4749441709847346,0.4368210434913635,0.5146763920783997,0.6996678709983826,0.1389415860176086,4.546933650970459,7.565814971923828,-0.5702958106994629,-0.4029698073863983
entry-0000071,CC(C)(C)NC(=O)C1CCC2C3CCC4NC(=O)C=CC4(C)C3CCC12C,DBEPLOCGEIEOCV-UHFFFAOYSA-N,CC(C)(C)NC(=O)C1CCC2C3CCC4NC(=O)C=CC4(C)C3CCC12C,0,0.4427602439474731,0.3292830631189871,0.2186694109836204,0.3506131043207945,0.1970333139083139,0.5142931394062934,0.2,0.6199636600876841,0.3665476143360138,0.9840426445007324,0.2811844944953918,0.3951116502285003,7.823676109313965,7.97296142578125,1.2632170915603638,-0.9543352723121644
entry-0000072,Cc1ccc(-n2[nH]c(C)c(NN=C3C=CC=C(c4cccc(C(=O)O)c4)C3=O)c2=O)cc1C.NCCO.NCCO,SVOQIEJWJCQGDQ-UHFFFAOYSA-N,Cc1ccc(-n2[nH]c(C)c(N=Nc3cccc(-c4cccc(C(=O)O)c4)c3O)c2=O)cc1C,1,0.6583002709475395,0.8751590089443232,0.7080808414499036,0.7488692116442772,0.6067519181585678,0.6887802292789481,0.96,1.0,0.9379626512527466,0.9998231530189514,0.9299383759498596,0.9984185099601746,4.673165798187256,6.758737564086914,-1.2294905185699463,0.1566781103610992
entry-0000073,O=C(O)CCc1nc(-c2ccccc2)c(-c2ccccc2)o1,OFPXSFXSNFPTHF-UHFFFAOYSA-N,O=C(O)CCc1nc(-c2ccccc2)c(-c2ccccc2)o1,1,0.652521145106587,0.7171755133856991,0.7708095733921188,0.4108625416801344,0.5137997078949214,0.8508859541641658,1.0,1.0,0.9070892930030824,0.9999998211860656,0.934000849723816,0.9959153532981871,5.186479091644287,7.070387840270996,-1.4625608921051023,-0.2923988997936249
entry-0000074,CN(C)NN=C1N=CN=C1C(N)=O,FDKXTQMXEQVLRF-UHFFFAOYSA-N,CN(C)N=Nc1[nH]cnc1C(N)=O,1,0.609064998230167,0.5948458268523963,0.7536947548575454,0.6589654409967727,0.6311167945439046,0.7768549332878438,0.8,0.4861862862688024,0.8070664405822754,0.7745081782341003,0.5385640859603882,0.5955060720443726,3.626100063323975,8.221632957458496,0.163099393248558,0.2796750664710998
entry-0000075,NC12CC3CC(CC(C3)C1)C2,DKNWSYNQZKUICI-UHFFFAOYSA-N,NC12CC3CC(CC(C3)C1)C2,0,0.4492391924811405,0.2281846064125291,0.2186694109836204,0.2378440240859609,0.4226231501777618,0.2470869730876287,0.6,0.0039208140805795,0.177911952137947,0.9795180559158324,0.457755297422409,0.9025721549987792,7.535377502441406,7.685624122619629,1.8179885149002075,-2.1428585052490234
entry-0000076,CC12CC3CC(C)(C1)CC(N)(C3)C2,BUGYDGFZZOZRHP-UHFFFAOYSA-N,CC12CC3CC(C)(C1)CC(N)(C3)C2,0,0.3712147321779266,0.2281846064125291,0.2186694109836204,0.2378440240859609,0.3425291934195386,0.3002514972427189,0.52,0.0,0.1876525282859802,0.8646551370620728,0.228459358215332,0.1280874609947204,7.449280261993408,7.305274486541748,1.5496338605880735,-1.90858256816864
entry-0000077,COC1=CC(=O)CC(C)C12Oc1c(Cl)c(OC)cc(OC)c1C2=O,DDUHZTYCFQRHIY-UHFFFAOYSA-N,COC1=CC(=O)CC(C)C12Oc1c(Cl)c(OC)cc(OC)c1C2=O,1,0.5712077186287535,0.7430274651767904,0.8682717985634054,0.775970428064843,0.4057442964123998,0.5845910591179351,0.76,0.8161414548019783,0.808743953704834,0.9982955455780028,0.3874030411243438,0.909582495689392,7.649908065795898,5.693727016448975,0.1998141407966613,0.2652296423912048
entry-0000078,CN(C)C(=O)Oc1ccc[n+](C)c1,RVOLLAQWKVFTGE-UHFFFAOYSA-N,CN(C)C(=O)Oc1ccc[n+](C)c1,0,0.4986863755510926,0.1119410417622213,0.5498718133467382,0.4052026783674116,0.3855238458259558,0.4035190507441842,0.28,0.4876883339438985,0.6392558813095093,0.95127272605896,0.784365177154541,0.0174115132540464,4.125921726226807,9.783822059631348,-0.4532489478588104,0.2407128512859344
entry-0000079,O=C(C1CCCCC1)N1CC(=O)N2CCc3ccccc3C2C1,FSVJFNAIGNNGKK-UHFFFAOYSA-N,O=C(C1CCCCC1)N1CC(=O)N2CCc3ccccc3C2C1,0,0.4228083845471782,0.3702400228259468,0.2484539635417312,0.7922633872976339,0.4923243829924864,0.3981919786269891,0.04,0.5328849260471438,0.4493732452392578,0.0005067167803645,0.2330258339643478,0.9232980608940125,5.693930149078369,8.712761878967285,0.3954149782657623,-1.4982424974441528
entry-0000080,Cc1ccc(Nc2c(F)cccc2Cl)c(CC(=O)O)c1,KHPKQFYUPIUARC-UHFFFAOYSA-N,Cc1ccc(Nc2c(F)cccc2Cl)c(CC(=O)O)c1,1,0.6243508810052075,0.9040393109853654,0.6806915640606263,0.475729219463302,0.7356053532299784,0.5483570589228648,1.0,1.0,0.8115231394767761,0.9999885559082032,0.8898395895957947,0.8686830997467041,4.362349510192871,5.70848274230957,-1.1313095092773438,-0.215818166732788
entry-0000081,O=C(O)Cc1ccccc1Nc1c(Cl)cccc1Cl,DCOPUUMXTXDBNB-UHFFFAOYSA-N,O=C(O)Cc1ccccc1Nc1c(Cl)cccc1Cl,1,0.6235026844281838,0.8663874467205979,0.5730993635728212,0.4343380167132762,0.4923243829924864,0.8457730649632219,0.96,0.6356416873801523,0.8050249218940735,0.999261438846588,0.8576626777648926,0.367955595254898,5.6536545753479,5.86138916015625,-1.276703953742981,-0.1604484915733337
entry-0000082,Cc1ccc(Cl)c(Nc2ccccc2C(=O)O)c1Cl,SBDNJUWAMKYJOX-UHFFFAOYSA-N,Cc1ccc(Cl)c(Nc2ccccc2C(=O)O)c1Cl,1,0.6366127850731819,0.8465116703230823,0.6806915640606263,0.4649751626052569,0.3253091759772794,0.8526312450018606,0.92,0.385979133999941,0.8399103283882141,0.9979241490364076,0.7904082536697388,0.8719545006752014,5.331759452819824,4.338576793670654,-1.340527892112732,0.0701725855469703
entry-0000083,Cc1cccc(Nc2ccccc2C(=O)O)c1C,HYYBABOKPJLUIN-UHFFFAOYSA-N,Cc1cccc(Nc2ccccc2C(=O)O)c1C,1,0.637271355265329,0.8879178030936712,0.6806915640606263,0.4649751626052569,0.436943162905384,0.7137244908096189,0.72,0.5517682658264524,0.7703630328178406,0.987117350101471,0.8871316909790039,0.9849547743797302,5.737532615661621,5.795749664306641,-1.6002331972122192,-0.0464750081300735
entry-0000084,CN(C)CCC=C1c2ccccc2CCc2ccccc21,KRMDCWKBEZIMAB-UHFFFAOYSA-N,CN(C)CCC=C1c2ccccc2CCc2ccccc21,0,0.3660059397453959,0.3486964402653014,0.3192026748819155,0.4940193304476089,0.2074099973175501,0.2592169769461467,0.52,0.0144868212336478,0.2732258439064026,0.0013874169671908,0.270585298538208,0.1817620992660522,4.863702774047852,10.272383689880373,-1.0515549182891846,-0.6716647744178772
entry-0000085,O=C(OCC(O)CO)c1ccccc1Nc1ccnc2cc(Cl)ccc12,GWOFUCIGLDBNKM-UHFFFAOYSA-N,O=C(OCC(O)CO)c1ccccc1Nc1ccnc2cc(Cl)ccc12,1,0.6258506115144747,0.8930506583577117,0.7588522050789399,0.7178884711779447,0.6535540711786965,0.7158367069679203,0.96,0.5192587381714016,0.9266930222511292,0.1031213030219078,0.8583570122718811,0.7080485820770264,5.486878395080566,6.002520561218262,-0.7063970565795898,0.9122967720031738
entry-0000086,CCN(CC)Cc1cc(Nc2ccnc3cc(Cl)ccc23)ccc1O,OVCDSSHSILBFBN-UHFFFAOYSA-N,CCN(CC)Cc1cc(Nc2ccnc3cc(Cl)ccc23)ccc1O,1,0.5640955414119287,0.4049771877586385,0.7309452283347537,0.5779544672733526,0.518747770023711,0.5902506005861199,0.48,0.6495895396426905,0.8684361577033997,0.020898588001728,0.5754871368408203,0.7272032499313354,6.373836994171143,9.942273139953612,-0.9926334619522096,-0.0263710059225559
entry-0000087,COc1cc(CC2c3c(cc(OC)c(OC)c3OC)CC[N+]2(C)CCCOC(=O)CCC(=O)OCCC[N+]2(C)CCc3cc(OC)c(OC)c(OC)c3C2Cc2cc(OC)c(OC)c(OC)c2)cc(OC)c1OC.[Cl-].[Cl-],GBLRQXKSCRCLBZ-UHFFFAOYSA-N,COc1cc(CC2c3c(cc(OC)c(OC)c3OC)CC[N+]2(C)CCCOC(=O)CCC(=O)OCCC[N+]2(C)CCc3cc(OC)c(OC)c(OC)c3C2Cc2cc(OC)c(OC)c(OC)c2)cc(OC)c1OC,0,0.4810214518781754,0.6105748859061383,0.6085346658010723,0.7992109895636865,0.565490164681167,0.3513529430458019,0.56,0.0,0.6158058047294617,0.999743103981018,0.3800101280212402,0.4070783257484436,7.984268188476562,5.505684852600098,0.0478261858224868,-0.2015776187181472
entry-0000088,O=C1CN(N=Cc2ccc(-c3ccc([N+](=O)[O-])cc3)o2)C(=O)N1,IMVWGCIUSSJUAA-UHFFFAOYSA-N,O=c1[nH]c(O)cn1N=Cc1ccc(-c2ccc([N+](=O)[O-])cc2)o1,1,0.6659098317639401,0.8932949378877054,0.8909099447309632,0.418622222861828,0.7593926566128701,0.7936232111280942,0.96,1.0,0.9533199071884156,0.986018180847168,0.9715338349342346,0.9993321895599364,3.09163761138916,6.310216903686523,-0.8596895933151245,0.426133781671524
entry-0000089,CN1C(=C(O)Nc2ccccn2)C(=O)c2ccccc2S1(=O)=O,MNSCVRXKDINXEY-UHFFFAOYSA-N,CN1C(C(=O)Nc2ccccn2)C(=O)c2ccccc2S1(=O)=O,1,0.6737495009741098,0.7826296918696194,0.9188169214751494,0.8716703323558161,0.8991470198966451,0.7808741834819368,0.96,1.0,0.9590019583702089,0.9999998807907104,0.7301337718963623,0.9998045563697816,3.68159294128418,9.809514045715332,-0.8717269897460938,0.2426802515983581
entry-0000090,COc1cc2c(cc1OC)C(=O)C(CC1CCN(Cc3ccccc3)CC1)C2,ADEBPBSSDYVVLD-UHFFFAOYSA-N,COc1cc2c(cc1OC)C(=O)C(CC1CCN(Cc3ccccc3)CC1)C2,0,0.4419735226301763,0.3181739289056901,0.607910175858695,0.9117591185410334,0.6490529177176042,0.3506137081123565,0.32,0.2921716338121801,0.5537259578704834,0.0040639671497046,0.358788788318634,0.4182794988155365,7.83286190032959,5.977822303771973,-0.3071187138557434,-0.6758880019187927
entry-0000091,CC(=O)N(CC(O)CN(C(C)=O)c1c(I)c(C(=O)NCC(O)CO)c(I)c(C(=O)NCC(O)CO)c1I)c1c(I)c(C(=O)NCC(O)CO)c(I)c(C(=O)NCC(O)CO)c1I,NBQNWMBBSKPBAY-UHFFFAOYSA-N,CC(=O)N(CC(O)CN(C(C)=O)c1c(I)c(C(=O)NCC(O)CO)c(I)c(C(=O)NCC(O)CO)c1I)c1c(I)c(C(=O)NCC(O)CO)c(I)c(C(=O)NCC(O)CO)c1I,0,0.4176565658154396,0.7111520018933165,0.2380799629090329,0.7178884711779447,0.4892028985507246,0.2421301223170158,0.28,0.0,0.6442354917526245,0.9999996423721312,0.252627819776535,0.1095071360468864,4.541818141937256,8.388628005981445,0.9116080403327942,1.2062811851501465
entry-0000092,CN1CCN(CCCN2c3ccccc3Sc3ccc(Cl)cc32)CC1,WIKYUJGCLQQFNW-UHFFFAOYSA-N,CN1CCN(CCCN2c3ccccc3Sc3ccc(Cl)cc32)CC1,1,0.515156126325065,0.3590578180179836,0.5551678912442148,0.4246755748880999,0.8050136341008554,0.3864667500454174,0.4,0.729092529682744,0.7498029470443726,0.9978473782539368,0.5132952928543091,0.3872763216495514,5.48445987701416,10.27318286895752,-0.5586165189743042,-0.6502143144607544
entry-0000093,Cc1ccc(NC(=O)c2ccc(CN3CCN(C)CC3)cc2)cc1Nc1nccc(-c2cccnc2)n1,KTUFNOKKBVMGRW-UHFFFAOYSA-N,Cc1ccc(NC(=O)c2ccc(CN3CCN(C)CC3)cc2)cc1Nc1nccc(-c2cccnc2)n1,1,0.618509657388438,0.8434189604631115,0.6802813370166709,0.6191354455901164,0.8772074427902329,0.7404418079360641,0.68,1.0,0.8984071612358093,0.0023933083284646,0.5969634056091309,0.9974803924560548,4.12153959274292,10.060449600219728,-0.93721604347229,-0.0871870815753936
entry-0000094,COc1cc(C(=O)NS(=O)(=O)c2ccccc2C)ccc1Cc1cn(C)c2ccc(NC(=O)OC3CCCC3)cc12,YEEZWCHGZNKEEK-UHFFFAOYSA-N,COc1cc(C(=O)NS(=O)(=O)c2ccccc2C)ccc1Cc1cn(C)c2ccc(NC(=O)OC3CCCC3)cc12,1,0.6078553709679572,0.8751590089443232,0.7509055720227908,0.942828341013825,0.4662745098039215,0.4271552252927471,1.0,1.0,0.9620546102523804,0.9999998211860656,0.8992437124252319,0.997978150844574,4.30258846282959,6.795166015625,-0.6110828518867493,-0.2616906464099884
entry-0000095,O=c1ncnc2[nH][nH]cc1-2,OFCNXPDARWKPPY-UHFFFAOYSA-N,O=c1[nH]cnc2[nH]ncc12,1,0.6560318363877288,0.7906336477840339,0.9188169214751494,0.632145935527321,0.6458660496591531,0.6797683939768446,0.92,1.0,0.7947092056274414,0.9999377727508544,0.94804185628891,0.9999997615814208,2.367093563079834,7.342980861663818,-0.0250527001917362,0.5587505102157593
